Working matrix (A)
1.0 -0.05 -0.04 -0.2 -0.1
-0.0182 1.0 -5.692 -0.66 -0.14
-0.027 -0.085 1.0 0.18 0.2
-0.0001 -0.0 0.5 1.0 -0.0
-0.0002 -0.005 0.232 0.1 1.0

Inverse working matrix (invA)
1.0139882028395224 0.08964295848053214 0.45683100197856996 0.1774741494013618 0.022582634075512757
0.38143286596564824 2.090601734719087 12.736618497303786 -0.6148579944066024 -2.21649617000352
0.06795015897255328 0.20378420969517258 2.383453306193714 -0.23679739932312766 -0.4413658559841633
-0.03387368066599268 -0.10188314055173822 -1.191680969996659 1.118416447076504 0.2206851862554892
-0.010267106844636947 -0.026618685328814676 -0.3700186113503612 -0.05994344320683751 1.0692503956395745

